
% this is where I keep paths for the perceiveIrrelevance experiment

rawDataIrrelevant = ('/Volumes/Projects/2023-0383-PerceiveIrrelevance/03data/perceivedIrrelevance/rawData');
processedDataIrrelevant = ('/Volumes/Projects/2023-0383-PerceiveIrrelevance/03data/perceivedIrrelevance/derivatives');

DescriptiveGenderColour = [0.7686, 0.8392, 0.6902];
DescriptiveAgeColor = [0.6902, 0.7176, 0.8392];

objectColor = [0.7216 0.7529 1.0000];
faceColor = [0.8471, 0.8863, 0.8627];

orientationColor = [1.0000, 0.90196, 0.90980];
durationColor = [0.9882, 0.9608, 0.7804];

orientationFirstColor = [1, 0.7176, 0.7647];
durationFirstColor = [0.9451, 1, 0.7686];

confidenceColors = [
    0.9686, 0.8510, 0.7686;  
    0.9804, 0.9294, 0.7961; 
    0.7882, 0.8941, 0.8706;  
    0.7765, 0.8706, 0.9451;  
    0.8588, 0.8039, 0.9412];

highConfidence = [ 0.8588, 0.8039, 0.9412]; 
lowConfidence = [0.5765, 0.7098, 0.7765];

falseOrientation = [0.3529, 0.2863, 0.4];
falseDuration = [0.8941, 0.5725, 0.4510];